0 0.869106 0.766198 0.045811 0.092604
0 0.084287 0.224310 0.094590 0.102474
0 0.199565 0.213470 0.112314 0.092617
0 0.300801 0.231211 0.054688 0.096562
0 0.367310 0.224310 0.054678 0.106406
0 0.472241 0.223333 0.101982 0.053203
0 0.607471 0.232227 0.085645 0.098568
0 0.726440 0.227266 0.104932 0.076849
0 0.822505 0.245000 0.042861 0.088672
0 0.883101 0.237122 0.045811 0.092604
0 0.933350 0.241061 0.039902 0.096549
0 0.094687 0.791816 0.094590 0.102461
0 0.209961 0.787871 0.112324 0.092617
0 0.306025 0.787871 0.054688 0.096549
0 0.375464 0.788874 0.066455 0.098555
0 0.470073 0.783932 0.101982 0.053203
0 0.608984 0.785872 0.088672 0.106380
0 0.721313 0.778021 0.104932 0.076849
0 0.811470 0.774076 0.042861 0.088672
0 0.919355 0.768164 0.039902 0.096562
